2678
1613
7384
5868
2886
4836
849
1538
3941
1353
5247
1575
732
782
693
1854
6197
3002
1981
3798
6229
7223
1801
1698
980
669
1006
679
13815
6919
18473
22827
1166
2688
4209
14070
1461
2770
3548
7347
4506
4028
893
1935
1911
3279
4033
2903
1177
1755
6862
2195
315
1731
2264
849
13259
8009
3522
3371
1464
2282
1973
4830
2388
3533
727
538
860
799
934
432
10804
6689
28108
34878
411
1426
3610
690
2437
1959
1336
705
1554
2999
26279
26409
2032
3239
12847
9035
2802
5796
1450
642
833
1879
5927
2658
2667
5607
1431
5740
1973
859
5933
5657
1254
3441
7910
5341
593
1940
1750
1967
10329
5377
1621
2136
47108
22956
2294
1408
4235
7852
1409
4153
1504
685
651989
662232
8847
3695
2174
3181
1189
4476
903
1677
645
1739
64704
119740
728
1742
4849
3213
821
980
11229
10775
1640
1542
18665
4903
14906
11612
2612
1412
1074
1302
1092
2374
3086
5093
3850
2531
4741
5878
2911
1730
2150
1134
478
3504
4620
5138
4219
5122
687
2521
884
1767
1757
5148
3125
13550
1915
825
3695
5754
6982
10491
2526
3941
3036
1622
1158
1635
6001
5248
9056
3820
1319
2249
4133
3191
1124
1388
4212
2582
2944
1506
488
1194
2303
3251
14357
9042
1691
1033
794
2121
4575
3559
1028
1366
5755
6278
6720
8244
2428
4961
1630
514
6045
2747
3961
8258
6147
5034
1775
372
17646
11136
4215
2667
1444
1787
3476
3784
6835
7857
2149
1385
701
2327
2586
4203
3940
5036
1391
786
1219
1726
1716
1273
9240
6143
2099
2193
2923
2404
3246
5420
1205
1572
5790
1910
3044
2012
2246
3110
1249
7137
992
1219
5577
8606
10513
7224
22053
20828
2010
3023
1740
1867
6100
4232
395
1045
2880
3849
4104
2963
4254
2796
5674
6602
8486
6857
4912
6572
3839
5546
3839
1927
1234
1169
1132
1118
1458
1350
885
731
926
1096
5048
5137
28407
11052
1810
1234
1619
635
1106
3320
560
2336
5924
6978
573
269
2094
2066
3559
1625
1275
608
1866
1490
4785
869
1001
3403
1362
762
958
2325
1294
2027
3548
1318
7802
7184
2817
1892
3045
1131
973
814
1022
3368
3101
2559
1325
1344
4128
7970
956
940
1072
1860
6517
2127
1807
1550
4591
2560
3644
2632
553
3028
1452
2398
2210
3726
12189
16009
366
1911
2022
1820
22247
44384
5492
6035
671
552
197480
111855
3162
2190
2291
11470
3137
1657
1104
1046
9808
3213
2117
3492
7664
8494
21773
34724
3352
1354
1311
516
1152
943
1034
1049
1241
1385
2350
1413
1587
544
484
1901
2120
717
4003
2009
568
2306
1424
1718
2110
3688
1769
1553
1364
1201
4496
4401
1359
1407
1546
2278
16587
24263
561
2429
3004
1908
2267
1833
2519
815
1885
1480
2244
1953
976
1286
16084
6985
1919
458
1468
3244
1747
816
6760
3519
1557
1235
2484
1218
43769
77205
1763
1198
1687
1788
2702
1353
1499
763
1868
1671
1795
516
1862
1329
1125
935
2841
1024
3087
2385
2440
589
3635
4573
1953
1086
505
539
497
897
2700
1534
8660
5762
2276
2946
3148
782
2400
1235
4994
3583
3578
7551
18523
8069
6442
4977
4878
10255
1650
1539
2983
3581
500
1181
895
1209
1342
2795
3851
2383
634
2009
8236
8089
981
940
1436
852
791
1724
1161
1929
4862
3088
1139
824
1639
4208
1696
4066
1332
2712
18858
21027
1208
2493
1224
1182
631
1188
2920
1264
1759
855
2074
10930
2093
537
2492
617
3306
1353
488
1543
4845
2696
776
1918
2562
381
14094
14772
1531
1059
1508
2179
1937
827
519
1771
1153
794
906
1544
1775
923
1509
1374
1305
4999
71709
65926
5364
1488
518
558
8443
6788
4229
3435
3589
2100
417
3331
7524
3517
2926
2321
1388
1085
2001
1572
12284
15334
1635
3331
2519
1981
3338
2005
2000
1853
1938
1920
2568
3140
2547
940
6460
5981
3267
677
2553
888
4195
2337
52310
20315
1238
1185
842
1009
3824
926
4769
12503
3894
1123
2413
2687
1872
1924
2801
3897
2436
1106
2307
2386
2425
1167
2302
1159
933
991
8885
5174
2486
1206
2714
1145
6912
2077
5207
5136
62396
66124
1522
1031
2791
3140
2799
1378
40318
23782
2179
3309
12412
14659
382
2264
6707
1773
4044
3370
3199
1747
32240
19489
6435
8643
766
1920
2770
8335
1108
380
3409
3058
3169
4897
3660
5283
3756
3024
5420
5044
3463
3725
6860
6096
2738
2395
3819
2048
5059
3872
20402
29099
1263
2781
4597
2218
2063
1836
34637
19606
1967
2221
5788
14125
1383
1208
6120
3088
2118
3691
3251
1100
4357
8280
1351
633
3558
11721
2050
616
10604
22989
24794
5620
1164
1271
673
3959
1616
2090
758
2249
4811
1916
3277
809
1983
1593
2823
7828
1576
1623
5004
1987
2227
910
19004
22938
14721
9498
1333
833
3314
1543
874
1431
449
1909
1873
277
3597
7678
189310
85697
738
2094
2442
2721
973
2308
5633
1461
2591
2172
10446
14414
1812
611
3598
3520
4510
5399
3023
1781
13062
13221
5402
5331
7015
4736
1637
705
2681
1539
2559
782
25515
24520
971
1234
1753
641
9590
19608
1408
1822
2974
6476
2889
1027
3811
811
2146
1705
436
2975
1478
1735
5568
4781
2770
876
14422
7093
1884
1233
6286
2583
2648
1216
8096
1939
19671
19876
4955
6628
7522
6062
3875
2903
2382
2035
5328
3996
19904
10413
1661
804
2585
4105
710
1342
1697
988
1308
771
3721
3411
2736
1519
1592
2810
1911
528
5483
8948
1224
711
2583
5403
1189
2963
3602
5963
5455
2056
7336
12831
1002
1402
869
1131
7301
3044
2077
1450
3704
1933
1309
2156
9222
2742
985
1346
5944
1156
2398
3975
3598
3644
455
1848
1944
1349
2342
2261
803
553
2300
2317
5433
2742
6466
4044
9228
3308
3872
3898
18306
7993
713
1579
4287
8105
3932
8235
120444
58681
2342
1024
2718
2103
1089
685
512
1562
1805
2151
20178
34698
7163
8062
6362
6283
389
1311
9071
11551
930
2388
1573
376
2163
1016
2909
1632
6702
8108
3121
1347
777
1512
3593
6878
23193
19379
1472
674
2522
4651
3496
1037
4254
4392
17656
13746
2736
975
9910
2681
3644
1094
1987
906
503
1061
2682
425
739
974
11542
11841
1131
342
1045
1025
2248
661
2895
1301
11628
8481
11912
6615
26607
14854
2787
1149
2381
488
6183
2459
2519
538
1196
1830
2808
2488
735
354
2443
1346
2654
816
5564
2768
22923
22492
21820
22085
7112
5335
4374
7553
4668
8540
4055
5734
1783
3230
788
681
401
816
21429
37154
582
2268
35935
39731
24026
19927
1524
2018
1480
3793
800
1809
2740
1513
2403
5043
7279
4109
2362
1567
569
1829
1415
1354
596
896
4739
2330
4068
610
1029
1226
19222
14119
335
1082
853
1191
1059
1532
2065
2705
3086
4458
5440
6564
1765
2284
1253
913
728
1395
2546
1662
1733
873
1489
1278
1155
1888
2060
2694
574
2014
2879
679
2855
1346
1380
1029
5793
2901
2147
1203
2491
2682
4876
2065
11246
15625
4195
2701
8395
6415
8394
9312
3522
2319
4872
4951
43969
36488
2199
3152
5274
10555
21848
10559
595
1631
1512
3704
16086
4840
3753
1565
5019
2695
30315
39311
1375
2609
2553
2637
5406
9002
2561
2882
1040
907
1185
2283
1953
553
252
1547
3862
7148
3120
2351
1036
1028
412
1147
6549
2454
4773
7671
3545
2182
2054
1594
2891
3736
5415
3871
1042
2109
2786
714
3952
894
37932
86922
1116
1305
2320
2925
4930
2991
2207
596
760
893
1820
1506
2168
968
2324
2896
3812
2419
3623
9893
2842
5730
5397
4464
2471
1229
4380
1541
1643
1638
631
893
2748
1359
694
1762
1269
2424
3135
1126
2359
2045
24979
35936
1789
5736
5960
7679
7334
13115
2029
1227
4878
10973
2043
2963
697
1457
896
2188
2375
2445
2353
357
697
2485
1392
952
308
1564
1971
1040
2298
3644
39889
65253
3791
4985
2027
3728
868
1839
1638
5220
2852
2902
775
1379
1983
1424
1579
2250
1575
1967
16256
4911
676
1239
7430
3125
1762
2827
1066
1341
1456
3529
1793
640
713
797
1684
1099
1653
3089
6892
3894
2013
759
1221
1377
2805
7081
1039
1353
1559
1017
1627
465
2169
3609
5342
8519
3034
596
273
860
1333
560
19205
9482
1238
1623
1240
986
1206
2625
3294
6751
809
1235
18675
4927
1479
2751
998
2372
903
2153
1566
3222
1716
623
680
1308
1678
1575
2474
3245
2345
3793
1341
525
7620
5785
6150
10605
1646
2743
2002
799
944
1044
2471
10628
4127
874
25728
24144
1957
3627
1254
2262
1747
3122
1956
366
4017
7037
4986
2560
6107
8448
2889
8863
1393
2739
4046
7606
597
1567
1066
1431
1693
919
1221
969
2214
1066
984
2275
830
822
7575
16077
1228
3071
1958
1084
900
1994
1469
3082
3300
465
2487
1329
1721
1412
1250
733
1970
1152
1374
3043
2244
1484
18030
17104
575
395
874
633
1651
2171
2905
3512
2057
2134
1623
2420
1833
1658
1608
1097
4077
7700
1354
619
1136
2453
1058
573
3421
1417
772
785
1607
932
2569
978
1206
805
3210
2384
2724
1561
764
538
503
1510
217
426
3068
2722
1290
2677
2177
2333
1983
683
637
685
7271
2303
68249
45930
834
3390
1180
590
1524
2103
792
1279
5529
4544
1989
1168
1433
2219
1690
1222
8839
7957
1194
991
1377
1372
941
570
1365
1362
3496
4349
4855
2283
36889
29697
26426
16889
1898
2331
1380
2373
5399
4426
1269
1643
1605
2070
2769
2603
24650
15801
8595
6594
14766
16381
1903
1538
9264
5266
7305
1908
1363
1321
35316
15992
1206
4565
3649
2870
94946
62790
214681
105897
421
1222
19231
21393
1751
806
519
1533
3217
2664
3238
930
2675
1275
771
683
1632
950
26031
45606
1825
1575
12599
5974
6196
2862
3214
7910
3309
755
2383
743
675
1023
1508
1769
15906
32203
11522
27719
1893
894
1847
4155
2638
2555
1952
3428
663
2301
13548
8859
1915
1077
1063
801